100.000000 0
1746800.000000 2
2824800.000000 4
12178200.000000 6
16396100.000000 8
14160600.000000 10
27381000.000000 12
23300400.000000 14
29983600.000000 16
25850500.000000 18
38853400.000000 20
41931500.000000 22
44838900.000000 24
41988200.000000 26
46474200.000000 28
50619800.000000 30
50677900.000000 32
56122600.000000 34
72860500.000000 36
65280400.000000 38
85142100.000000 40
90645100.000000 42
81665700.000000 44
96648600.000000 46
97093000.000000 48
117561000.000000 50
108739400.000000 52
89688000.000000 54
90128300.000000 56
121168000.000000 58
101166500.000000 60
151618500.000000 62
132794600.000000 64
153512100.000000 66
174142800.000000 68
204838500.000000 70
198217300.000000 72
212793700.000000 74
147631800.000000 76
201833000.000000 78
247616200.000000 80
185937300.000000 82
205168500.000000 84
240201700.000000 86
263615500.000000 88
260779000.000000 90
208175800.000000 92
236357200.000000 94
267706800.000000 96
257723900.000000 98
308497800.000000 100
294838000.000000 102
360674000.000000 104
280462400.000000 106
373914000.000000 108
463612900.000000 110
343374100.000000 112
527116800.000000 114
479936200.000000 116
377717000.000000 118
504106300.000000 120
454613200.000000 122
433944700.000000 124
484920200.000000 126
463367200.000000 128
397069300.000000 130
594595600.000000 132
481915400.000000 134
582944000.000000 136
616005600.000000 138
602266200.000000 140
566165000.000000 142
540721900.000000 144
550851500.000000 146
534417800.000000 148
655790000.000000 150
689687100.000000 152
617605600.000000 154
784497000.000000 156
948135500.000000 158
608749900.000000 160
795503800.000000 162
669087300.000000 164
769865100.000000 166
772398600.000000 168
675554000.000000 170
896655800.000000 172
967868000.000000 174
915430400.000000 176
831751700.000000 178
1076966600.000000 180
784230300.000000 182
969218200.000000 184
970792600.000000 186
877335200.000000 188
867985300.000000 190
1031575600.000000 192
1181769800.000000 194
1039504900.000000 196
917896500.000000 198
1190074800.000000 200
