67100.000000 0
392100.000000 1
755800.000000 2
728400.000000 3
960200.000000 4
1084300.000000 5
1383100.000000 6
1462900.000000 7
2312800.000000 8
1968500.000000 9
2367900.000000 10
2397000.000000 11
3517600.000000 12
3046700.000000 13
7514300.000000 14
3261300.000000 15
3812600.000000 16
5518500.000000 17
4472900.000000 18
3874600.000000 19
4996000.000000 20
5391400.000000 21
4541500.000000 22
5359800.000000 23
5404000.000000 24
5043700.000000 25
4970400.000000 26
5758400.000000 27
5517000.000000 28
5701000.000000 29
5875700.000000 30
5990300.000000 31
6751900.000000 32
6428200.000000 33
7044800.000000 34
6720300.000000 35
8720800.000000 36
6965900.000000 37
7374600.000000 38
8363300.000000 39
7963500.000000 40
8766400.000000 41
8362500.000000 42
8200200.000000 43
9095900.000000 44
8505600.000000 45
8773400.000000 46
9639700.000000 47
9189800.000000 48
9733800.000000 49
10127800.000000 50
9711600.000000 51
10392300.000000 52
10191800.000000 53
10512600.000000 54
10616500.000000 55
11643600.000000 56
11194700.000000 57
11353200.000000 58
11972500.000000 59
11885900.000000 60
12626200.000000 61
11606500.000000 62
12913300.000000 63
12510700.000000 64
12742800.000000 65
14093800.000000 66
14880400.000000 67
13956700.000000 68
16565000.000000 69
16595200.000000 70
20052700.000000 71
14837400.000000 72
15455800.000000 73
15416600.000000 74
14776200.000000 75
14750300.000000 76
14771500.000000 77
14854200.000000 78
14770200.000000 79
15784700.000000 80
15499400.000000 81
17448700.000000 82
16446100.000000 83
15956600.000000 84
16238900.000000 85
16406900.000000 86
16973800.000000 87
16883000.000000 88
17596200.000000 89
17368000.000000 90
18518600.000000 91
17386800.000000 92
18094300.000000 93
21120800.000000 94
20236500.000000 95
22904400.000000 96
23465200.000000 97
24164400.000000 98
22616200.000000 99
23272000.000000 100
24100700.000000 101
27764200.000000 102
23298800.000000 103
21897100.000000 104
21490700.000000 105
21728700.000000 106
21611800.000000 107
23700900.000000 108
25869300.000000 109
32149900.000000 110
29063700.000000 111
29731800.000000 112
34362200.000000 113
27501100.000000 114
26100600.000000 115
25482000.000000 116
26701200.000000 117
26178800.000000 118
24199700.000000 119
25586600.000000 120
26620600.000000 121
27301300.000000 122
28251400.000000 123
31294100.000000 124
26144100.000000 125
26649800.000000 126
28345400.000000 127
26063300.000000 128
26775700.000000 129
28288100.000000 130
25810600.000000 131
29044300.000000 132
30370200.000000 133
25963400.000000 134
27249300.000000 135
29262000.000000 136
27692100.000000 137
28299800.000000 138
27786200.000000 139
28613100.000000 140
28413000.000000 141
29618500.000000 142
29485500.000000 143
31027800.000000 144
32867200.000000 145
30812300.000000 146
35912000.000000 147
29275800.000000 148
29896900.000000 149
30471200.000000 150
30433800.000000 151
31272000.000000 152
32101500.000000 153
32664200.000000 154
36140700.000000 155
31775800.000000 156
32779100.000000 157
33477900.000000 158
33646400.000000 159
32376800.000000 160
37297000.000000 161
33812400.000000 162
38767500.000000 163
45766700.000000 164
48774500.000000 165
56833600.000000 166
51618600.000000 167
54865700.000000 168
48802800.000000 169
44728700.000000 170
35738500.000000 171
37500100.000000 172
39105700.000000 173
38958800.000000 174
49186000.000000 175
42876400.000000 176
36687700.000000 177
37074100.000000 178
34511100.000000 179
35425600.000000 180
36016600.000000 181
37080100.000000 182
35377200.000000 183
37343900.000000 184
38001900.000000 185
37026500.000000 186
35994200.000000 187
36461400.000000 188
37505100.000000 189
37431500.000000 190
42164900.000000 191
37788700.000000 192
37548200.000000 193
37033600.000000 194
41535800.000000 195
40750300.000000 196
39982000.000000 197
42881900.000000 198
41715600.000000 199
40687600.000000 200
