123680.000000 0
1026218.000000 1
877558.000000 2
1576667.000000 3
5963928.000000 4
2633635.000000 5
10300560.000000 6
2736935.000000 7
9690811.000000 8
3686893.000000 9
6990366.000000 10
4223311.000000 11
5697018.000000 12
5954969.000000 13
9606331.000000 14
3300924.000000 15
22816516.000000 16
28023136.000000 17
9207952.000000 18
9331042.000000 19
7946545.000000 20
14325142.000000 21
17373756.000000 22
11651806.000000 23
9200472.000000 24
13840712.000000 25
11865457.000000 26
11841226.000000 27
17643886.000000 28
19097303.000000 29
17560246.000000 30
16589978.000000 31
13554154.000000 32
16152959.000000 33
34819902.000000 34
20833190.000000 35
26425419.000000 36
24445053.000000 37
20114361.000000 38
16454107.000000 39
24359278.000000 40
26819158.000000 41
20243801.000000 42
28387871.000000 43
31268814.000000 44
24496603.000000 45
42976367.000000 46
20215290.000000 47
21566088.000000 48
24454593.000000 49
25431941.000000 50
36169171.000000 51
24663362.000000 52
31881838.000000 53
35300701.000000 54
38085177.000000 55
24834082.000000 56
20962190.000000 57
31925618.000000 58
61359521.000000 59
40401381.000000 60
45154718.000000 61
54432974.000000 62
46426081.000000 63
35898170.000000 64
33299055.000000 65
29664183.000000 66
33123756.000000 67
54387046.000000 68
37310629.000000 69
45711441.000000 70
53080337.000000 71
43933715.000000 72
45483682.000000 73
48284681.000000 74
52826327.000000 75
36552860.000000 76
59103016.000000 77
87197231.000000 78
57062919.000000 79
36165660.000000 80
38651685.000000 81
46656440.000000 82
53804696.000000 83
66565952.000000 84
59566515.000000 85
43230786.000000 86
59836834.000000 87
39560524.000000 88
60076094.000000 89
44658400.000000 90
56603846.000000 91
48252827.000000 92
62922507.000000 93
64869479.000000 94
76206358.000000 95
50596762.000000 96
45506312.000000 97
53160627.000000 98
75029224.000000 99
53470927.000000 100
54387545.000000 101
52977738.000000 102
80037165.000000 103
69261155.000000 104
51551400.000000 105
66449792.000000 106
67651820.000000 107
70200915.000000 108
46682549.000000 109
46356001.000000 110
45614922.000000 111
66510832.000000 112
50731262.000000 113
88225780.000000 114
63447978.000000 115
73571057.000000 116
55740682.000000 117
82505050.000000 118
65820902.000000 119
69123256.000000 120
103280750.000000 121
66823071.000000 122
68230648.000000 123
72217380.000000 124
90105256.000000 125
60265854.000000 126
61391411.000000 127
82436111.000000 128
79555906.000000 129
92410087.000000 130
96238663.000000 131
103211281.000000 132
83541418.000000 133
65077373.000000 134
82624380.000000 135
62510910.000000 136
113548191.000000 137
87342522.000000 138
86012823.000000 139
83570508.000000 140
72451710.000000 141
121808894.000000 142
68177448.000000 143
63072948.000000 144
82360071.000000 145
101962922.000000 146
75378003.000000 147
70261674.000000 148
111819684.000000 149
69895765.000000 150
71166542.000000 151
99367319.000000 152
103624259.000000 153
66738320.000000 154
98502240.000000 155
144096351.000000 156
90442710.000000 157
95949154.000000 158
99595018.000000 159
105146206.000000 160
105681266.000000 161
82856840.000000 162
83323810.000000 163
110326607.000000 164
134837568.000000 165
95479155.000000 166
112198913.000000 167
95568875.000000 168
82662930.000000 169
96273373.000000 170
76324002.000000 171
107350083.000000 172
81523322.000000 173
130402507.000000 174
97985161.000000 175
106903414.000000 176
106848384.000000 177
97360891.000000 178
102160502.000000 179
92467071.000000 180
95790235.000000 181
89140917.000000 182
90272215.000000 183
98014230.000000 184
92356541.000000 185
95410377.000000 186
91725112.000000 187
132206345.000000 188
85393425.000000 189
104808068.000000 190
122462223.000000 191
103078991.000000 192
99473767.000000 193
97320822.000000 194
137042935.000000 195
133194442.000000 196
95727984.000000 197
110306206.000000 198
98828209.000000 199
140044759.000000 200
