0.000000 0
403900.000000 1
850700.000000 2
757500.000000 3
2442600.000000 4
2841800.000000 5
3384400.000000 6
3816000.000000 7
2946900.000000 8
4128300.000000 9
5631500.000000 10
6012500.000000 11
4802300.000000 12
6087500.000000 13
10300400.000000 14
7454500.000000 15
6412800.000000 16
7209300.000000 17
7074400.000000 18
8390000.000000 19
8626200.000000 20
11212600.000000 21
10627300.000000 22
9345100.000000 23
13407700.000000 24
11938300.000000 25
13608700.000000 26
13510700.000000 27
14483600.000000 28
11062400.000000 29
13187900.000000 30
14845000.000000 31
13214000.000000 32
16125200.000000 33
12337400.000000 34
14770000.000000 35
15026700.000000 36
17267000.000000 37
18823200.000000 38
17701600.000000 39
19663500.000000 40
16507800.000000 41
19949900.000000 42
17832000.000000 43
17163400.000000 44
17750100.000000 45
18042900.000000 46
20575900.000000 47
17800100.000000 48
22833200.000000 49
23218800.000000 50
21643400.000000 51
22217000.000000 52
24187800.000000 53
27413500.000000 54
25323400.000000 55
24899800.000000 56
26671100.000000 57
25884800.000000 58
29691100.000000 59
38676800.000000 60
32592800.000000 61
25720200.000000 62
24580400.000000 63
26408600.000000 64
32976000.000000 65
29355500.000000 66
31087800.000000 67
32724900.000000 68
32339600.000000 69
33269900.000000 70
33247200.000000 71
33964700.000000 72
33178300.000000 73
26400900.000000 74
30325500.000000 75
34649200.000000 76
29006700.000000 77
34592600.000000 78
31580300.000000 79
35511200.000000 80
43982800.000000 81
38416900.000000 82
39855200.000000 83
35544000.000000 84
40729000.000000 85
37084700.000000 86
42311100.000000 87
42019900.000000 88
40427200.000000 89
46364900.000000 90
46421600.000000 91
45038700.000000 92
44474200.000000 93
43821400.000000 94
46525700.000000 95
48264500.000000 96
44535000.000000 97
40909200.000000 98
48612400.000000 99
45433900.000000 100
46141700.000000 101
48437500.000000 102
50180300.000000 103
54035100.000000 104
54456000.000000 105
52272600.000000 106
51430900.000000 107
47131500.000000 108
48959700.000000 109
51596100.000000 110
48068900.000000 111
52704900.000000 112
55236700.000000 113
56761400.000000 114
54032100.000000 115
54141500.000000 116
63032700.000000 117
61413700.000000 118
56229100.000000 119
55506400.000000 120
51461200.000000 121
57970400.000000 122
60202800.000000 123
49852100.000000 124
62090200.000000 125
71354300.000000 126
63634600.000000 127
62512800.000000 128
61715300.000000 129
62097800.000000 130
68482500.000000 131
65123800.000000 132
71479400.000000 133
63103100.000000 134
60538900.000000 135
59014700.000000 136
66138500.000000 137
61972300.000000 138
66487200.000000 139
67293900.000000 140
70049000.000000 141
67182700.000000 142
74069200.000000 143
70775800.000000 144
61027600.000000 145
62815700.000000 146
61478600.000000 147
71574100.000000 148
70570200.000000 149
69560300.000000 150
75374000.000000 151
74292900.000000 152
82164200.000000 153
73011000.000000 154
81118700.000000 155
69470200.000000 156
78424400.000000 157
68051300.000000 158
78295000.000000 159
75283700.000000 160
72128700.000000 161
71360100.000000 162
74237800.000000 163
87510900.000000 164
80880700.000000 165
71290000.000000 166
88641300.000000 167
91380100.000000 168
93519500.000000 169
83282000.000000 170
73778400.000000 171
82652800.000000 172
91963600.000000 173
72751300.000000 174
84801400.000000 175
81706600.000000 176
88119400.000000 177
76527600.000000 178
95691900.000000 179
81743200.000000 180
81296300.000000 181
105498600.000000 182
92435100.000000 183
93015800.000000 184
99513900.000000 185
91431400.000000 186
83315400.000000 187
101744700.000000 188
110191400.000000 189
85842800.000000 190
97763900.000000 191
93271300.000000 192
99070600.000000 193
106243000.000000 194
93512300.000000 195
108610200.000000 196
95697700.000000 197
90917200.000000 198
101383200.000000 199
97961300.000000 200
