90.000000 0
361869.000000 1
718929.000000 2
1108068.000000 3
1463706.000000 4
6210428.000000 5
3324324.000000 6
2437445.000000 7
3638523.000000 8
2948014.000000 9
2930684.000000 10
4965941.000000 11
4369212.000000 12
4420122.000000 13
6327688.000000 14
4525061.000000 15
4975600.000000 16
5258900.000000 17
15374360.000000 18
8100199.000000 19
5743449.000000 20
12809359.000000 21
9121803.000000 22
6365102.000000 23
10497199.000000 24
10201440.000000 25
8011954.000000 26
8092145.000000 27
18422164.000000 28
11572297.000000 29
14582023.000000 30
12982004.000000 31
18085136.000000 32
16458008.000000 33
15579389.000000 34
13834153.000000 35
15789500.000000 36
20451060.000000 37
19632502.000000 38
17755686.000000 39
30304101.000000 40
19716701.000000 41
15669949.000000 42
21242369.000000 43
15752430.000000 44
16774968.000000 45
16728058.000000 46
21432089.000000 47
22644557.000000 48
24212174.000000 49
24809517.000000 50
18064495.000000 51
25094616.000000 52
29574893.000000 53
23105205.000000 54
22999176.000000 55
20485101.000000 56
22269937.000000 57
25952500.000000 58
26369319.000000 59
29306324.000000 60
26921379.000000 61
28017676.000000 62
29478063.000000 63
28772115.000000 64
27425758.000000 65
28663564.000000 66
28280464.000000 67
32602586.000000 68
30194402.000000 69
38127086.000000 70
31250829.000000 71
37270559.000000 72
25769010.000000 73
40948421.000000 74
33505495.000000 75
28926133.000000 76
41780409.000000 77
55274224.000000 78
36466639.000000 79
28507145.000000 80
35948240.000000 81
56150172.000000 82
28753815.000000 83
34183483.000000 84
29567053.000000 85
28562844.000000 86
34878423.000000 87
34136914.000000 88
53637126.000000 89
46427610.000000 90
45205442.000000 91
42447718.000000 92
63259267.000000 93
40482592.000000 94
40076102.000000 95
52058359.000000 96
36422609.000000 97
47901077.000000 98
41441590.000000 99
36079180.000000 100
47148509.000000 101
35035302.000000 102
31948058.000000 103
47989757.000000 104
49656984.000000 105
56449200.000000 106
50491552.000000 107
46807669.000000 108
52213459.000000 109
39983772.000000 110
34413973.000000 111
43804525.000000 112
62837069.000000 113
78014710.000000 114
45389072.000000 115
50918892.000000 116
65571523.000000 117
72265431.000000 118
59938314.000000 119
45339142.000000 120
53408641.000000 121
43435405.000000 122
39042614.000000 123
50354853.000000 124
71455412.000000 125
67302860.000000 126
67335709.000000 127
69863415.000000 128
47003039.000000 129
63695617.000000 130
47585138.000000 131
54921394.000000 132
53124227.000000 133
53546707.000000 134
48131747.000000 135
72984638.000000 136
64715155.000000 137
49048274.000000 138
52833568.000000 139
59855264.000000 140
103631449.000000 141
75209954.000000 142
116850534.000000 143
71623272.000000 144
69213636.000000 145
65414784.000000 146
69058947.000000 147
62019180.000000 148
74395316.000000 149
88945468.000000 150
73222588.000000 151
98102651.000000 152
65179454.000000 153
80558504.000000 154
70244544.000000 155
54350845.000000 156
104507547.000000 157
73516847.000000 158
54797983.000000 159
124805899.000000 160
79308257.000000 161
88783249.000000 162
50533302.000000 163
73403298.000000 164
56539331.000000 165
96585814.000000 166
69984885.000000 167
79111337.000000 168
63588218.000000 169
99061569.000000 170
64528875.000000 171
75828203.000000 172
85189925.000000 173
69388797.000000 174
86022014.000000 175
98458870.000000 176
90938994.000000 177
56511500.000000 178
155319710.000000 179
121870174.000000 180
80062565.000000 181
81069769.000000 182
89008297.000000 183
133372342.000000 184
102473102.000000 185
92621651.000000 186
119828748.000000 187
87579511.000000 188
151640066.000000 189
101053664.000000 190
70085434.000000 191
101961733.000000 192
93389339.000000 193
100495276.000000 194
100416666.000000 195
67090299.000000 196
112729172.000000 197
65386664.000000 198
80537224.000000 199
85792834.000000 200
